-1 -1 -1 -1 -1 -1 -1 -1 -1 -10.336 -10.5536 -10.624 -11.3344 25.1456 -13.472 -10.1683 -12.3264 -10.9184 
1 0 -1 -1 -1 -1 -1 -1 -1 -100 -100 -0.16 -0.8 -0.64 -0.8 0.16 -0.64 0 
1 0 1 0 -1 -1 -1 -1 -1 -100 -100 -100 -100 0.8 0 0 0 0 
1 0 1 0 1 0 -1 -1 -1 -100 -100 -100 -100 -100 -100 6 0 0 
1 0 0 -1 -1 -1 -1 1 -1 -100 -100 -100 -0.8 0 0 0 -100 0 
1 0 0 1 0 -1 -1 1 -1 -100 -100 -100 -100 -100 -1 0 -100 0 
0 1 -1 -1 -1 -1 -1 -1 -1 -100 -100 -0.32 -0.8 -0.512 -0.8 -0.64 -0.8 -0.8 
0 1 1 0 -1 -1 -1 -1 -1 -100 -100 -100 -100 -0.4 -1 0 0 0 
0 1 1 0 1 0 -1 -1 -1 -100 -100 -100 -100 -100 -100 5 0 0 
0 -1 1 -1 -1 -1 -1 -1 -1 -100 -1.44 -100 -0.8 -0.8 -0.8 -0.8 -0.8 -0.8 
0 -1 -1 1 -1 -1 -1 -1 -1 -100 -1.44 -0.8 -101 4.256 0 0 0 0 
0 1 0 1 -1 -1 -1 -1 -1 -101 -100 -100 -100 0 0 -0.8 0 0 
0 -1 -1 -1 1 -1 -1 -1 -1 -100 -0.288 -0.8 18.976 -100 0 1.44 0 0 
0 1 -1 -1 1 -1 0 -1 -1 -100 -100 -0.36 0 -100 0 -100 0 0 
0 1 1 -1 1 -1 0 -1 -1 -100 -100 -100 0.8 -100 0 -100 0 0 
0 1 -1 0 1 -1 -1 -1 -1 -100 -100 -1 -100 -100 -1 -0.64 1 0 
0 -1 -1 -1 -1 1 -1 -1 -1 -100 -1.6 -0.8 -0.8 -0.8 -100 -0.64 0 0 
0 1 -1 0 -1 1 -1 -1 -1 -100 -100 -1 -100 -1 -100 0 0 0 
0 1 -1 1 0 -1 -1 -1 -1 -100 -100 -1 -100 -100 -1 -1 -1 0 
0 -1 -1 -1 -1 -1 1 -1 -1 -100 -0.48 -0.8 -0.8 3.68 0 -100 0 0 
0 1 -1 0 -1 -1 1 -1 -1 -100 -100 1.6 -100 0 0 -100 0 0 
0 1 1 0 -1 -1 1 -1 0 -100 -100 -100 -100 1 0 -100 0 -100 
0 -1 -1 -1 -1 -1 -1 1 -1 -100 -0.8 -0.8 -0.64 -0.64 0 0 -101 0 
0 1 -1 -1 0 -1 -1 1 -1 -100 -100 -1 -1 -100 0 0 -100 0 
0 0 -1 -1 -1 -1 1 -1 -1 -100 -100 0.8 0 0 0 -100 0 0 
0 0 1 0 -1 -1 1 -1 -1 -100 -100 -100 -100 1 0 -100 0 0 
0 1 1 0 -1 -1 1 0 -1 -100 -100 -100 -100 1 0 -100 -100 0 
0 1 -1 -1 0 -1 1 -1 -1 -100 -100 -1 -1 -100 -1 -100 -1 1.28 
0 -1 -1 -1 -1 -1 -1 -1 1 -102 -0.8 0 0 0 0 -0.128 0 -100 
0 1 -1 0 -1 -1 -1 -1 1 -100 -100 -1 -100 0 0 0 0 -100 
1 0 1 -1 0 -1 -1 -1 -1 -100 -100 -100 -1 -100 -1 -1 0.48 -1 
0 -1 1 -1 0 -1 1 -1 -1 -100 -1 -101 -1 -100 0 -100 0 0 
1 0 -1 1 0 -1 -1 -1 -1 -100 -100 -1 -100 -100 -1 9 0 0 
0 -1 1 0 -1 -1 -1 1 -1 -100 -1 -100 -100 0 0 0 -100 0 
0 -1 1 1 0 -1 -1 -1 -1 -100 -1 -100 -100 -100 -1 -1 0 0 
0 -1 1 -1 0 1 -1 -1 -1 -100 -1 -100 -1 -100 -100 -1 0 0 
0 -1 -1 -1 0 -1 1 -1 1 -100 -0.16 -0.8 0 -100 0 -100 0 -100 
0 1 -1 0 0 -1 1 -1 1 -100 -100 -0.2 -100 -100 1.6 -100 0 -100 
0 1 1 0 0 -1 1 0 1 -100 -100 -100 -100 -100 1 -100 -100 -100 
0 -1 1 0 1 -1 -1 -1 -1 -100 -1 -100 -100 -100 0 0 0 0 
0 1 0 0 1 -1 1 -1 -1 -100 -100 -100 -100 -100 -0.8 -100 3 0 
0 1 0 0 1 1 1 -1 0 -100 -100 -100 -100 -100 -100 -100 4 -101 
0 -1 -1 1 0 -1 1 -1 -1 -100 -0.36 -1 -100 -100 -1 -100 -1 -1.6 
0 0 -1 1 1 -1 -1 -1 -1 -100 -100 14.4 -100 -100 0 0 0 0 
0 0 1 1 1 -1 0 -1 -1 -100 -100 -100 -100 -100 3 -100 0 0 
0 -1 -1 1 1 0 -1 -1 -1 -100 8.8 0 -100 -100 -100 0 0 0 
0 1 0 1 1 0 -1 -1 -1 -100 -100 -100 -100 -100 -100 -0.8 9 0 
0 1 0 1 1 0 1 0 -1 -100 -100 -100 -100 -100 -101 -102 -101 0 
0 0 1 1 1 0 -1 -1 -1 -100 -100 -100 -100 -100 -100 15 0 0 
0 1 -1 1 1 0 -1 0 -1 -101 -100 1.6 -100 -100 -100 0 -100 0 
0 1 1 1 1 0 -1 0 0 -100 -100 -100 -100 -100 -100 6 -100 -100 
0 -1 0 1 1 -1 -1 -1 -1 -100 0.16 -101 -100 -100 5 0 0 0 
0 1 0 1 0 -1 1 -1 -1 -100 -100 -100 -100 -100 -1 -100 -1 0.8 
0 -1 -1 1 1 -1 -1 -1 0 -100 0.64 0 -100 -100 0 0 0 -100 
0 1 -1 1 1 0 -1 -1 0 -100 -100 3.2 -100 -100 -100 0 0 -100 
0 0 -1 -1 -1 -1 1 -1 1 -100 -100 0 0 0 0 -100 0 -100 
0 0 1 0 -1 -1 1 -1 1 -100 -100 -100 -100 1 0 -100 0 -100 
0 1 1 1 1 0 0 0 -1 -100 -100 -100 -100 -100 -101 -100 -100 0 
-1 -1 -1 1 0 -1 -1 -1 -1 -1.6 -1.6 -1.6 -100 -100 -1.6 0.672 -0.8 -0.8 
1 -1 -1 -1 0 -1 -1 -1 -1 -100 -0.8 -0.8 0.288 -100 -0.8 0 -1.6 -0.8 
1 1 0 -1 0 -1 -1 -1 -1 -100 -101 -102 -1 -100 -1 2.4 0 0 
-1 -1 1 -1 0 -1 -1 -1 -1 -0.288 -0.8 -102 -0.8 -100 -1.44 -0.96 -0.8 -0.8 
-1 -1 -1 -1 0 1 -1 -1 -1 -1.6 -0.8 -0.8 -0.8 -101 -100 -0.8 -0.8 -0.8 
1 0 -1 -1 0 1 -1 -1 -1 -100 -101 -1 -1 -100 -100 -1 0 0 
-1 0 1 1 0 -1 -1 -1 -1 -1 -100 -100 -100 -100 -1 -1 0 0 
-1 1 -1 -1 0 -1 -1 -1 -1 2.72 -101 -1.6 -0.8 -100 -1.6 -1.376 -0.8 -0.8 
-1 -1 -1 -1 0 -1 -1 -1 1 -1.6 -0.96 -1.6 -1.6 -100 -0.8 -0.8 -0.8 -100 
1 0 -1 -1 0 -1 -1 -1 1 -100 -100 -1 -1 -100 0 0 0 -100 
-1 -1 0 -1 1 -1 -1 -1 -1 -0.64 -0.8 -100 -0.8 -100 0 0 -0.8 0 
1 -1 0 -1 1 -1 -1 -1 0 -100 0 -100 0 -100 -0.8 0 0 -100 
1 -1 0 -1 1 1 0 -1 0 -100 -1 -100 0 -100 -100 -100 0 -100 
-1 1 0 -1 1 0 -1 -1 -1 -1 -100 -101 -1 -100 -100 0 0 0 
-1 -1 0 1 1 0 -1 -1 -1 -1 0 -100 -100 -100 -100 0 0 0 
-1 -1 0 -1 1 0 -1 1 -1 -1 0 -100 0 -100 -100 0 -100 0 
-1 -1 0 1 -1 -1 -1 -1 -1 -0.8 0 -100 -100 0 0 0 0 0 
1 -1 0 1 -1 0 -1 -1 -1 -100 -1 -100 -100 0 -100 0 0 0 
-1 -1 0 -1 -1 -1 1 -1 -1 0.16 -0.8 -100 0 0 0 -100 0 0 
1 -1 0 -1 -1 0 1 -1 -1 -100 -1 -100 4 0 -100 -100 0 0 
1 -1 0 -1 -1 -1 -1 -1 -1 -101 -0.8 -100 -0.8 -0.8 -0.8 0.16 0 -0.8 
1 -1 0 -1 0 -1 -1 -1 1 -100 -1 -100 -1 -100 0 0 0 -100 
0 1 1 -1 0 -1 -1 -1 -1 -100 -100 -100 -1 -100 -1 -1 0 0 
0 1 -1 -1 0 1 -1 -1 -1 -100 -100 -1 -1 -100 -100 0 0 0 
0 1 -1 -1 0 -1 -1 -1 1 -100 -100 0.8 0 -100 0 0 0 -100 
0 1 1 0 0 -1 -1 -1 1 -100 -100 -100 -100 -100 1 0 0 -100 
-1 -1 0 1 0 1 -1 -1 -1 -1 0 -100 -100 -100 -100 0 0 0 
-1 1 0 -1 0 -1 -1 -1 1 -1 -100 -100 0 -100 0 0 0 -100 
-1 -1 -1 -1 0 -1 -1 1 -1 -0.8 -0.8 -1.6 -0.8 -100 -0.8 -0.128 -100 -0.8 
1 -1 0 -1 0 -1 -1 1 -1 -100 -1 -100 -1 -100 0 0 -100 0 
-1 0 1 -1 0 -1 -1 -1 1 -1 -100 -100 -1 -100 1 0 0 -101 
-1 -1 -1 -1 1 -1 0 -1 -1 -2.4 -1.6 -1.6 -1.152 -100 -1.6 -101 10.816 -0.8 
1 -1 -1 -1 1 -1 0 0 -1 -100 -1 -1 -1 -100 0 -100 -100 0 
-1 1 -1 -1 1 -1 0 0 -1 -1 -100 0 0 -100 0 -100 -100 0 
-1 -1 -1 -1 0 -1 1 -1 -1 -1.6 -1.6 -1.6 -1.44 -100 -1.44 -100 -1.44 -1.44 
1 0 -1 -1 0 -1 1 -1 -1 -100 -100 -1 0 -100 0 -100 0 0 
-1 -1 -1 -1 1 -1 -1 -1 0 -1.088 -1.6 -1.6 -1.6 -101 -2.4 8 -0.8 -100 
1 -1 -1 0 1 -1 -1 -1 0 -100 2.08 0 -100 -100 0 0 0 -100 
1 1 0 0 1 -1 -1 -1 0 -100 -100 -100 -100 -100 1.6 0 0 -100 
1 1 0 0 1 1 0 -1 0 -100 -100 -100 -100 -100 -100 -100 3 -100 
1 -1 -1 -1 1 -1 0 -1 0 -100 0 0 -1 -100 0 -100 0 -100 
1 -1 -1 -1 -1 -1 -1 -1 0 -100 -0.8 0 0 0 0 0 0 -100 
1 1 -1 -1 -1 -1 0 -1 0 -100 -100 1 0 0 0 -100 0 -100 
1 1 0 -1 -1 -1 -1 -1 0 -100 -100 -100 -1 -1 -0.8 -1 0 -100 
0 -1 1 -1 1 -1 0 -1 -1 -100 -1 -100 0.64 -100 0 -100 0 0 
0 0 -1 1 -1 1 -1 -1 -1 -101 -100 0 -100 0 -100 0 0 0 
0 0 -1 1 -1 -1 -1 1 -1 -100 -100 -0.8 -100 0 0 0 -100 0 
0 0 1 1 0 -1 -1 1 -1 -100 -100 -100 -100 -100 -1 0 -100 0 
0 -1 0 -1 -1 -1 1 -1 1 -100 0 -100 0 0 0 -100 0 -100 
0 1 0 -1 0 -1 1 -1 1 -100 -100 -100 0 -100 0 -100 0 -100 
0 1 0 1 0 -1 1 0 1 -100 -100 -100 -100 -100 0 -100 -100 -100 
0 1 0 -1 -1 -1 1 -1 -1 -100 -100 -100 -0.8 0 0 -100 0 0 
-1 -1 -1 0 1 -1 -1 -1 -1 6.496 0 0 -100 -100 0 0 0 0 
1 -1 -1 0 1 -1 0 -1 -1 -100 7.04 0 -100 -101 -0.8 -100 0 0 
1 1 -1 0 1 -1 0 -1 0 -100 -100 4 -100 -100 0 -100 0 -100 
-1 -1 1 -1 1 -1 0 0 -1 -1 -1 -101 0 -100 0 -100 -100 0 
-1 -1 -1 1 1 -1 0 0 -1 -1 -1 -1 -100 -100 1 -100 -100 0 
0 -1 -1 -1 1 -1 0 -1 1 -100 -1 0 0 -100 0 -100 0 -100 
0 -1 0 -1 1 -1 1 -1 -1 -100 1.6 -100 0 -100 0 -100 0 0 
0 0 -1 -1 1 -1 1 -1 -1 -100 -100 4 0 -100 0 -100 0 0 
-1 -1 0 1 0 -1 -1 -1 1 -1 -1 -100 -100 -100 0 0 0 -100 
-1 0 0 -1 1 1 -1 -1 -1 1.28 -100 -100 0 -100 -100 0 -1 0 
1 0 0 0 1 1 -1 -1 -1 -100 -100 -100 -100 -100 -100 0.8 0 0 
1 0 0 0 1 1 1 0 -1 -100 -100 -100 -101 -100 -100 -100 -100 2 
-1 -1 -1 -1 1 1 0 0 -1 -1 0 0 0 -101 -100 -100 -100 0 
0 -1 -1 -1 1 -1 0 1 -1 -100 6 0 0 -100 0 -101 -100 0 
-1 1 0 -1 -1 0 1 -1 -1 -1 -100 -100 -1 -1 -100 -100 0 0 
-1 -1 -1 -1 0 1 1 -1 0 -0.8 0 0 0 -100 -100 -100 0 -100 
1 0 -1 -1 0 1 1 -1 0 -100 -100 -1 0 -100 -100 -100 0 -100 
-1 0 -1 1 0 -1 -1 1 -1 0 -100 0 -100 -100 0 0 -100 0 
1 0 -1 1 0 -1 0 1 -1 -100 -100 0 -100 -100 0 -100 -100 0 
1 0 1 1 0 0 0 1 -1 -100 -100 -100 -100 -100 -100 -100 -100 0 
0 -1 -1 1 0 -1 -1 1 -1 -100 -1 -1 -100 -100 0 0 -100 0 
0 -1 -1 -1 0 -1 1 1 -1 -100 -1 0 0 -100 0 -100 -100 2 
0 -1 1 -1 0 -1 -1 1 -1 -100 -1 -100 -1 -100 -1 0 -100 0 
-1 -1 0 -1 0 1 -1 -1 1 -1 0 -100 0 -100 -100 0 0 -100 
1 -1 -1 1 0 -1 0 -1 -1 -100 -2 -1.44 -100 -100 -2 -101 -2 -1 
1 -1 1 1 0 0 0 -1 -1 -101 1 -100 -100 -100 -100 -100 0 0 
-1 0 1 -1 0 1 -1 -1 -1 -1 -100 -100 0 -100 -100 0 0 0 
1 -1 -1 -1 -1 -1 0 -1 -1 -100 -0.8 0 0 0 -0.8 -101 0 0 
1 1 -1 -1 -1 -1 0 0 -1 -100 -100 6 0 0 0 -100 -100 0 
-1 -1 1 -1 -1 -1 0 -1 -1 -0.64 -0.8 -100 -0.8 1.152 0 -100 -0.8 -0.64 
1 0 1 -1 -1 -1 0 -1 -1 -100 -100 -100 -0.8 0 0 -100 0 0 
1 0 1 1 0 -1 0 -1 -1 -100 -100 -100 -100 -100 -1 -100 -0.8 0 
1 0 -1 -1 1 -1 -1 -1 0 -101 -100 -0.8 -0.8 -100 -0.8 2.4 0 -100 
1 0 1 -1 1 -1 0 -1 0 -100 -100 -100 -1 -100 -1 -100 0 -100 
0 0 1 -1 0 -1 1 -1 1 -100 -101 -100 0 -100 0 -100 0 -101 
-1 1 0 -1 0 1 -1 -1 -1 -1 -100 -100 0 -100 -101 0 0 0 
-1 0 -1 -1 0 -1 1 -1 1 -1 -100 -1 0 -100 0 -100 0 -100 
0 1 0 0 0 1 1 -1 1 -100 -100 -100 -100 -100 -100 -100 2 -100 
1 0 1 1 0 -1 0 1 0 -100 -101 -100 -100 -100 0 -100 -100 -100 
-1 1 -1 -1 0 -1 1 -1 0 0.8 -100 0 0 -100 0 -100 0 -100 
1 1 0 -1 0 -1 1 -1 0 -100 -100 -100 1 -100 0 -100 0 -100 
-1 1 -1 -1 -1 -1 -1 -1 0 0.16 -100 0 -0.64 0 0 0 0 -100 
-1 1 -1 1 0 -1 -1 -1 0 -0.8 -100 0 -100 -100 0 0 0 -100 
1 1 0 1 0 -1 -1 -1 0 -100 -100 -100 -100 -100 -1 0 0 -100 
-1 1 -1 0 0 -1 1 -1 -1 -1 -100 -1 -100 -100 -0.8 -100 -1 -1 
1 0 0 -1 -1 -1 1 -1 -1 -100 -100 -100 1 0 0 -100 0 0 
1 0 -1 0 -1 -1 1 -1 -1 -100 -100 -0.8 -100 0 0 -100 0 0 
1 0 1 0 0 -1 1 -1 -1 -100 -100 -100 -100 -100 -1 -100 0 0 
-1 -1 0 -1 -1 1 -1 -1 -1 -0.8 0 -100 0 0 -100 0 0 0 
1 -1 0 -1 0 1 -1 -1 -1 -100 -1 -100 -1 -100 -100 0 0 0 
0 -1 -1 -1 0 1 1 -1 -1 -100 -1 0 -1 -100 -100 -100 0 0 
-1 -1 0 0 1 1 -1 -1 -1 -1.11022e-16 -0.64 -100 -101 -100 -100 0 0 0 
1 -1 0 0 1 1 0 -1 -1 -100 0.8 -100 -100 -100 -100 -100 0 0 
-1 1 -1 -1 1 -1 -1 0 0 -1 -100 -1 -1 -100 0 0 -100 -100 
-1 -1 1 -1 -1 -1 -1 -1 0 6.24 0 -100 0 0 0 0 0 -100 
1 -1 1 -1 -1 -1 0 -1 0 -100 3 -100 0 0 0 -100 0 -100 
0 1 1 -1 -1 -1 0 -1 -1 -100 -100 -101 0 0 0 -100 0 0 
-1 -1 1 -1 0 1 -1 -1 0 -0.8 0 -100 0 -100 -100 0 0 -100 
1 0 1 -1 0 1 -1 -1 0 -100 -100 -100 -1 -100 -100 0 0 -100 
-1 -1 -1 -1 1 -1 -1 0 -1 -0.8 -0.8 -0.8 -0.8 -100 -0.64 2.688 -100 0.8 
1 -1 -1 -1 1 -1 -1 0 0 -100 -1 0 0 -100 0 0 -101 -100 
-1 -1 1 -1 1 -1 -1 0 0 -1 -1 -100 -1 -100 0 0 -100 -100 
1 -1 -1 -1 -1 -1 -1 0 -1 -100 0.96 0 0 0 0 0 -100 0 
1 1 -1 -1 -1 -1 -1 0 0 -100 -100 2 0 0 0 0 -100 -100 
1 1 0 -1 -1 -1 0 -1 -1 -100 -100 -100 -1 -0.8 -1 -100 -1 0 
1 -1 -1 -1 -1 1 0 0 -1 -100 -1 -1 -1 0 -100 -100 -100 0 
-1 -1 -1 -1 -1 -1 0 1 -1 -0.8 -0.8 0 0 0 0 -100 -100 0 
1 -1 -1 -1 0 -1 0 1 -1 -100 -1 0 0 -100 0 -100 -100 0 
-1 -1 -1 -1 -1 -1 0 -1 1 -0.8 -0.8 0 0 0 0 -100 0 -100 
1 -1 -1 -1 0 -1 0 -1 1 -100 -1 0 0 -100 0 -100 0 -100 
-1 1 -1 -1 -1 -1 0 -1 -1 -0.64 -100 0 0 0 0 -100 0 0 
1 1 0 -1 1 -1 0 0 -1 -100 -100 -100 -1 -100 0 -100 -100 0 
-1 -1 -1 0 -1 1 -1 -1 -1 0 0 0 -100 0 -100 0 0 0 
1 -1 -1 0 0 1 -1 -1 -1 -100 0 0 -100 -100 -100 0 0 0 
1 1 0 0 0 1 -1 -1 -1 -100 -100 -100 -100 -100 -100 0 0 0 
1 1 0 0 0 1 1 0 -1 -100 -100 -100 -100 -100 -100 -100 -100 0 
-1 -1 -1 1 -1 -1 -1 -1 0 -0.8 -0.288 -0.8 -100 0 0 0 -0.8 -100 
1 -1 -1 1 -1 -1 -1 0 0 -100 -1 0 -100 0 0 0 -100 -100 
-1 -1 -1 -1 -1 1 -1 -1 0 -0.8 -0.8 -0.8 0 0 -100 0 0 -100 
1 -1 -1 -1 -1 1 -1 0 0 -100 -1 0 0 0 -100 0 -100 -100 
-1 -1 -1 -1 -1 -1 1 -1 0 -0.8 0 0 0 0 0 -100 0 -100 
1 -1 -1 -1 -1 0 1 -1 0 -100 -1 0 0 0 -100 -100 0 -100 
1 -1 1 -1 -1 -1 -1 0 0 -100 4 -100 0 0 0 0 -100 -100 
1 -1 0 -1 -1 -1 -1 -1 0 -100 -1 -100 0 0 0 0 0 -100 
-1 -1 1 -1 0 -1 1 -1 0 0.8 -1 -100 0 -100 0 -100 0 -100 
1 0 1 -1 0 -1 1 -1 0 -100 -100 -100 1 -100 0 -100 0 -100 
-1 -1 1 1 -1 -1 0 0 -1 -1 0 -100 -100 0 0 -100 -100 0 
-1 0 1 -1 -1 -1 -1 -1 -1 -0.128 -100 -101 -0.16 0 0 0 0 0 
1 0 1 0 0 -1 -1 1 -1 -100 -101 -100 -100 -100 1.6 0 -100 0 
1 0 1 0 0 1 0 1 -1 -100 -100 -100 -100 -100 -100 -100 -100 2 
-1 -1 1 -1 -1 0 -1 -1 -1 4.064 0 -100 0 0 -100 0 0 0 
1 -1 1 0 -1 0 -1 -1 -1 -100 3 -100 -100 0 -100 0 0 0 
-1 -1 1 0 1 -1 0 -1 -1 0.8 0 -100 -100 -100 0 -100 0 0 
1 -1 1 0 1 -1 0 -1 0 -100 1 -100 -100 -100 0 -100 0 -100 
-1 0 1 -1 0 -1 -1 1 -1 0 -100 -100 0 -100 0 0 -100 0 
1 0 1 -1 0 -1 0 1 -1 -100 -100 -100 0 -100 0 -100 -100 0 
0 0 1 1 -1 -1 -1 -1 -1 -100 -100 -100 -100 0.8 0 0 0 0 
0 -1 1 0 -1 -1 -1 -1 1 -100 -1 -100 -100 0 0 0 0 -100 
0 1 -1 0 -1 -1 -1 1 -1 -100 -100 -1 -100 0 0 0 -100 0 
1 -1 0 1 0 -1 -1 -1 -1 -100 -1 -100 -100 -100 -1 0 0 0 
0 0 -1 -1 1 -1 -1 1 -1 -100 -100 -0.8 0 -100 0 0 -100 0 
0 0 1 0 1 -1 -1 1 -1 -100 -100 -100 -100 -100 -1 0 -100 0 
0 -1 -1 0 1 1 -1 -1 -1 -100 -1 0 -100 -100 -100 0 0 0 
-1 0 -1 1 -1 -1 -1 -1 -1 -1.11022e-16 -100 0 -101 0 0 0 0 0 
1 0 0 1 -1 -1 -1 -1 -1 -100 -100 -100 -100 0.8 0 0 0 0 
1 0 0 1 1 0 -1 -1 -1 -100 -100 -100 -100 -100 -100 7 -1 0 
1 0 -1 1 -1 -1 0 -1 -1 -100 -100 -0.8 -100 0 0 -100 0 0 
1 0 1 1 -1 -1 0 0 -1 -100 -101 -100 -100 0 0 -100 -100 0 
-1 -1 -1 1 -1 -1 0 -1 -1 -0.64 -0.8 0 -100 0 0 -101 0 0 
-1 -1 -1 -1 -1 -1 1 0 -1 -0.64 -0.64 -0.16 5.5296 0 -0.8 -100 -100 0 
1 -1 -1 -1 0 -1 1 0 -1 -100 -0.8 0 0 -100 0 -100 -100 0 
1 1 0 -1 0 -1 1 0 -1 -100 -100 -100 0 -100 0 -101 -100 0 
-1 1 -1 -1 -1 -1 1 0 0 -0.8 -100 0 0 0 0 -100 -100 -100 
1 1 -1 -1 -1 0 1 0 0 -100 -100 0 0 0 -100 -100 -101 -100 
-1 -1 1 -1 -1 -1 1 0 0 0.8 0 -100 0 0 0 -100 -100 -100 
1 -1 1 -1 -1 0 1 0 0 -100 1 -100 0 0 -100 -100 -100 -100 
-1 -1 1 -1 0 -1 1 0 -1 -1 0 -100 0 -100 0 -100 -100 -1 
-1 -1 -1 1 0 -1 1 0 -1 2 0 0 -100 -100 0 -100 -100 0 
0 -1 -1 1 -1 -1 1 0 -1 -100 -0.8 -0.288 -100 4.8 0 -100 -100 -0.8 
0 1 -1 1 0 -1 1 0 -1 -100 -100 -1 -100 -100 0 -100 -100 0 
-1 -1 -1 -1 0 1 1 0 -1 -1 0 0 0 -100 -100 -100 -100 0 
-1 -1 1 -1 -1 -1 -1 0 -1 -0.64 -0.8 -100 -0.8 -0.8 -0.8 -0.8 -101 0 
1 -1 1 -1 -1 -1 0 0 -1 -100 2 -100 0 0 0 -100 -100 0 
-1 -1 1 0 -1 -1 0 -1 1 -0.8 0 -100 -100 0 0 -100 0 -100 
1 -1 1 0 -1 0 0 -1 1 -101 0 -100 -100 0 -100 -100 0 -100 
-1 -1 -1 -1 -1 1 -1 0 -1 -0.8 0 0 0 0 -100 0 -100 0 
1 0 1 -1 -1 -1 -1 -1 0 -100 -100 -101 -0.8 -0.8 -0.8 3.2 0 -100 
1 0 1 1 0 -1 -1 -1 0 -100 -100 -100 -100 -100 -1 0 0 -100 
-1 -1 -1 -1 -1 -1 -1 1 0 -0.8 -0.8 0 0 0 0 0 -101 -100 
1 -1 0 -1 -1 -1 -1 1 0 -100 -1 -100 0 0 0 0 -100 -100 
-1 -1 -1 -1 0 -1 0 1 1 -1 0 0 0 -100 0 -100 -100 -100 
0 1 -1 0 0 1 1 -1 -1 -100 -100 -1 -100 -100 -100 -100 0 0 
1 0 1 -1 -1 0 -1 -1 -1 -100 -100 -100 2.88 0 -100 0 0 0 
1 0 1 1 -1 0 0 -1 -1 -100 -100 -100 -100 1.6 -100 -100 0 0 
1 0 1 1 1 0 0 0 -1 -100 -100 -100 -100 -100 -100 -100 -100 4 
-1 -1 0 -1 -1 -1 -1 -1 -1 -0.8 0 -100 0 0 0 0 0 0 
1 -1 0 -1 0 -1 -1 -1 -1 -100 -1 -100 0 -100 0 0 0 0 
1 -1 0 -1 1 0 -1 -1 -1 -100 -1 -100 0 -100 -100 0 0 0 
-1 1 0 -1 -1 -1 -1 -1 -1 -0.8 -100 -100 0 0 0 -0.64 0 0 
1 1 0 -1 -1 0 -1 -1 -1 -100 -100 -100 -1 -1 -100 -1 0 0 
1 -1 0 0 -1 -1 1 -1 -1 -100 -0.8 -100 -100 -0.8 0 -100 0 0 
1 1 0 0 0 -1 1 -1 -1 -100 -100 -101 -100 -100 0 -100 0 0 
1 1 0 0 -1 -1 1 -1 0 -100 -100 -100 -100 -1 0 -100 0 -100 
-1 -1 -1 -1 -1 0 1 -1 -1 -0.8 -1.6 -0.8 -0.8 -0.8 -100 -100 0 -0.8 
1 -1 -1 0 -1 0 1 -1 -1 -100 0 0 -101 0 -100 -100 0 0 
-1 -1 -1 0 -1 0 1 -1 1 -1 0 0 -100 0 -100 -100 0 -100 
1 0 1 1 0 0 -1 -1 -1 -100 -100 -100 -100 -100 -100 2 0 0 
-1 -1 1 0 -1 -1 -1 -1 -1 0.8 0 -100 -100 0 0 0 0 0 
1 -1 1 0 0 -1 -1 -1 -1 -100 2 -100 -100 -100 0 0 0 0 
1 0 1 0 1 -1 0 -1 -1 -100 -100 -101 -100 -100 0.8 -100 0 0 
1 0 1 0 1 1 0 -1 0 -100 -100 -100 -100 -100 -101 -100 0 -100 
-1 0 1 -1 0 -1 1 -1 -1 -2 -100 -100 0 -100 0 -100 0 0 
0 -1 0 -1 1 1 -1 -1 -1 -100 -0.64 -100 2 -100 -100 0 0 0 
0 1 0 0 1 1 -1 -1 -1 -100 -100 -100 -100 -100 -100 -0.8 0 0 
0 1 0 0 1 1 1 0 -1 -100 -100 -101 -100 -100 -100 -100 -100 0 
0 1 1 -1 -1 0 -1 -1 -1 -100 -100 -100 -0.8 -0.64 -100 -0.8 -0.8 -0.8 
0 1 1 1 0 0 -1 -1 -1 -100 -100 -100 -100 -100 -100 -1 0 0 
-1 -1 -1 -1 1 0 -1 -1 -1 -0.8 -1.6 8 0 -101 -100 -0.8 0 0.8 
1 -1 -1 -1 1 0 -1 -1 0 -100 -1 0 0 -100 -100 0 0 -100 
-1 1 -1 -1 1 0 -1 -1 0 -1 -100 0 0 -100 -100 0 0 -100 
-1 -1 1 -1 1 0 -1 -1 0 3.68 1.6 -100 0 -100 -100 0 0 -100 
1 -1 1 -1 1 0 0 -1 0 -100 3 -100 0 -100 -100 -100 0 -100 
1 0 1 -1 1 0 -1 -1 0 -101 -100 -100 1.6 -100 -100 0 0 -100 
1 0 1 1 1 0 0 -1 0 -100 -100 -100 -100 -100 -100 -100 0 -101 
-1 -1 1 -1 1 0 0 -1 -1 1.44 0 -100 0 -100 -101 -101 0 0 
1 -1 1 -1 1 0 0 0 -1 -100 2 -100 0 -100 -100 -100 -100 0 
1 0 1 -1 1 0 0 -1 -1 -100 -100 -100 1.6 -101 -100 -100 0 0 
-1 -1 -1 -1 1 0 1 -1 0 -1 -1 4 0 -100 -100 -100 0 -100 
0 -1 1 -1 1 0 -1 -1 -1 -100 1.6 -100 -0.16 -100 -100 0 0 0 
0 -1 1 1 1 0 -1 -1 0 -100 0.8 -100 -100 -100 -100 0 0 -100 
0 -1 1 -1 -1 -1 0 1 -1 -100 -1 -100 0 0 0 -100 -100 0 
-1 -1 -1 1 -1 0 -1 -1 -1 -0.128 0 0 -100 0 -100 0 0 0 
1 -1 -1 1 -1 0 0 -1 -1 -100 0.64 0 -100 0 -100 -100 0 0 
1 1 0 1 -1 0 0 -1 -1 -100 -100 -100 -100 0.8 -100 -100 0 0 
1 1 0 1 1 0 0 0 -1 -100 -100 -100 -100 -101 -100 -100 -100 1 
0 -1 1 1 1 0 -1 0 -1 -100 0 -100 -100 -100 -100 0 -101 0 
0 -1 1 1 1 0 0 -1 -1 -100 0.8 -100 -100 -100 -100 -100 0 0 
0 1 -1 -1 -1 -1 0 1 -1 -100 -100 -1 0 0 0 -100 -100 0 
0 1 -1 -1 -1 -1 0 -1 1 -100 -100 -1 0 0 0 -100 0 -100 
1 -1 -1 0 -1 -1 -1 -1 -1 -100 1.312 0 -100 0 0 0 0 0 
1 1 0 0 -1 -1 -1 -1 -1 -100 -100 -100 -100 0.64 0 0 0 0 
1 1 0 0 1 0 -1 -1 -1 -100 -100 -100 -100 -100 -100 0.6 0 0 
1 1 0 0 1 0 1 0 -1 -100 -100 -100 -100 -100 -100 -100 -101 2 
1 1 0 0 1 -1 -1 0 -1 -100 -100 -100 -100 -100 0 0 -100 0 
1 1 0 0 1 1 -1 0 0 -100 -100 -100 -100 -100 -100 0 -100 -100 
1 1 -1 0 0 -1 -1 -1 -1 -100 -100 3 -100 -100 0 0 0 0 
1 -1 0 0 1 -1 1 -1 0 -100 -1 -100 -100 -100 0 -100 0 -100 
1 1 0 -1 -1 -1 -1 0 -1 -101 -100 -100 -0.8 -0.8 -0.8 1.76 -100 0 
1 1 0 1 -1 -1 0 0 -1 -100 -100 -100 -100 -1 0 -100 -100 0 
1 0 1 -1 -1 1 -1 0 0 -100 -100 -100 -1 0 -100 0 -100 -100 
1 0 1 -1 -1 -1 1 0 0 -100 -100 -100 1 0 0 -100 -100 -100 
0 1 -1 -1 -1 1 -1 -1 0 -100 -100 -1 0 0 -100 0 0 -100 
1 -1 -1 -1 -1 0 -1 -1 -1 -100 -0.8 2.24 0 0 -101 0 0 0 
-1 1 -1 -1 -1 0 -1 -1 -1 -0.8 -100 -0.032 -0.8 -0.8 -100 -0.8 -0.8 0 
1 -1 1 -1 0 0 -1 -1 -1 -100 2 -100 0 -100 -100 0 0 0 
-1 -1 -1 -1 -1 1 0 -1 -1 -0.8 0 0 0 0 -100 -100 0 0 
0 1 1 1 1 0 0 -1 0 -100 -100 -100 -100 -100 -100 -100 2 -100 
1 -1 1 -1 0 -1 -1 0 -1 -100 4 -100 0 -100 0 0 -100 0 
1 0 1 -1 -1 -1 -1 0 -1 -101 -101 -100 -1 -0.8 -1 -1 -100 -1 
1 0 1 -1 1 -1 -1 0 0 -100 -100 -100 -1 -100 0 0 -100 -100 
-1 -1 -1 -1 0 1 0 1 -1 -1 0 0 0 -100 -100 -100 -100 0 
-1 -1 -1 1 -1 -1 -1 0 -1 0 0 0 -100 -0.8 0 0 -100 0 
-1 -1 -1 -1 -1 -1 -1 0 1 -0.8 0 0 0 0 0 0 -100 -100 
1 0 -1 -1 -1 -1 -1 0 1 -100 -100 -1 0 0 0 0 -100 -100 
-1 0 -1 1 -1 -1 1 0 -1 1 -100 0 -100 0 0 -100 -100 0 
0 -1 1 1 -1 -1 1 0 -1 -100 0.64 -100 -100 0 0 -100 -100 0 
0 1 1 1 -1 -1 0 0 -1 -100 -100 -100 -100 0.8 0 -100 -100 0 
0 1 1 1 1 -1 0 0 -1 -100 -100 -100 -100 -100 1 -100 -100 0 
0 -1 1 1 0 -1 1 0 -1 -100 0 -100 -100 -101 0 -100 -100 0 
0 -1 -1 1 1 0 1 0 -1 -100 -0.8 0 -100 -100 -100 -100 -100 0 
0 1 -1 1 1 0 1 0 0 -100 -100 1 -100 -100 -100 -100 -100 -100 
0 0 -1 1 1 -1 1 0 -1 -100 -100 6 -100 -100 0 -100 -100 0 
0 -1 0 1 1 -1 1 0 -1 -100 0.8 -100 -100 -100 0 -100 -100 0 
0 1 0 1 1 -1 1 0 0 -100 -100 -100 -100 -100 2 -100 -100 -100 
0 -1 -1 1 0 1 1 0 -1 -100 0 0 -100 -100 -100 -100 -100 0 
0 1 0 1 0 1 1 0 -1 -100 -100 -100 -100 -100 -100 -100 -100 0 
0 0 -1 1 -1 -1 1 0 1 -100 -100 -1 -100 0 0 -100 -100 -100 
0 -1 0 1 1 0 1 0 1 -100 0 -100 -100 -100 -100 -100 -100 -100 
0 -1 -1 -1 1 1 -1 0 -1 -100 -0.8 0 0 -100 -100 0 -100 0 
0 1 -1 0 1 1 -1 0 -1 -100 -100 -1 -100 -100 -100 0 -100 0 
1 -1 -1 -1 0 0 1 -1 -1 -100 -1 0 0 -100 -100 -100 0 0 
-1 -1 1 -1 0 0 1 -1 -1 -1 0 -100 0 -100 -100 -100 0 0 
-1 1 -1 -1 0 0 1 -1 -1 -1 -100 0 0 -100 -100 -100 0 0 
0 -1 -1 1 -1 0 1 -1 -1 -101 0 0 -100 0 -100 -100 0 0 
-1 -1 0 -1 1 0 1 -1 -1 -1 0 -100 0 -100 -100 -100 0 0 
-1 1 1 -1 0 0 -1 -1 -1 3 -100 -100 0 -100 -100 0 0 0 
0 1 1 -1 1 0 -1 0 -1 -100 -100 -100 -0.8 -101 -100 0 -100 0 
0 1 1 -1 0 0 1 -1 -1 -100 -100 -100 -1 -100 -100 -100 0 0 
0 1 -1 -1 -1 -1 -1 -1 -1 0.64 -100 0 0 0 0 0 0 0 
0 1 0 -1 -1 -1 -1 -1 1 -100 -100 -0.2 0 0 0 0 0 -100 
1 -1 -1 0 0 -1 1 -1 -1 -100 -1 0 -100 -100 0 -100 0 0 
-1 1 -1 0 0 -1 -1 -1 1 -1 -100 -1 -100 -100 0 0 0 -100 
-1 0 -1 1 0 1 -1 -1 -1 -1 -100 -1 -100 -100 -100 0 0 0 
1 -1 1 1 0 -1 0 0 -1 -100 0 -100 -101 -100 0 -100 -100 0 
-1 1 -1 -1 0 -1 0 1 -1 -1 -100 0 0 -100 0 -100 -100 0 
0 -1 -1 0 1 -1 1 -1 -1 -100 0.8 0 -100 -100 0 -100 0 0 
1 -1 -1 0 1 -1 -1 0 -1 -100 0 0 -100 -100 0 0 -100 0 
-1 -1 -1 1 1 0 0 -1 -1 -0.8 -0.64 0 -100 -100 -100 -100 0 0 
1 -1 -1 1 1 0 0 0 -1 -100 0 0 -101 -100 -100 -100 -100 0 
-1 1 -1 1 1 0 0 0 -1 -0.8 -100 0 -100 -100 -100 -100 -100 0 
-1 1 -1 1 -1 -1 0 0 -1 -1 -100 0 -100 0 0 -100 -100 0 
-1 -1 -1 -1 0 -1 1 1 0 -0.16 -1 0 -1 -100 0 -100 -100 -100 
1 0 -1 -1 0 -1 1 1 0 -100 -100 0.8 0 -100 0 -100 -100 -100 
1 0 1 -1 0 0 1 1 0 -100 -100 -100 1 -100 -100 -100 -100 -100 
1 -1 -1 0 0 -1 1 1 0 -100 -1 0 -100 -100 0 -100 -100 -100 
1 -1 -1 0 0 -1 -1 1 -1 -100 -1 -1 -100 -100 0 0 -100 0 
-1 -1 1 0 0 -1 -1 -1 1 -1 0 -100 -100 -100 0 0 0 -100 
-1 -1 1 0 0 -1 -1 1 -1 -1 0 -100 -100 -100 0 0 -100 0 
-1 -1 -1 -1 0 -1 -1 -1 -1 -0.8 0 0 0 -100 0 0 0 0 
1 -1 -1 0 0 -1 -1 -1 -1 -100 -1 0 -100 -100 0 0 0 0 
0 -1 -1 -1 0 1 -1 1 -1 -100 -1 0 0 -100 -100 0 -100 0 
-1 0 -1 -1 0 -1 -1 1 1 0 -100 0 0 -100 0 0 -101 -100 
-1 0 -1 1 0 -1 1 -1 -1 3 -100 0 -100 -100 0 -100 0 0 
0 0 -1 1 0 -1 1 -1 1 -100 -100 -1 -100 -100 -1 -100 0 -100 
0 -1 -1 1 1 -1 -1 -1 -1 -100 -1.11022e-16 -0.8 -100 -100 0 0 0 0 
0 1 -1 1 1 -1 0 -1 -1 -100 -100 0.8 -100 -100 0 -100 0 0 
0 1 1 1 1 -1 0 -1 -1 -100 -100 -100 -100 -100 1 -100 0 0 
-1 0 -1 -1 1 -1 0 1 -1 -1.11022e-16 -100 -0.64 5.92 -100 0 -100 -100 0 
1 0 -1 0 1 -1 0 1 -1 -100 -100 0.8 -100 -100 0 -100 -100 0 
1 0 1 0 1 0 0 1 -1 -100 -100 -100 -100 -100 -100 -100 -100 2 
1 0 1 0 1 -1 0 1 0 -100 -100 -102 -100 -100 0 -100 -100 -100 
1 0 -1 -1 1 -1 0 1 0 -100 -100 -0.8 0 -100 0 -100 -100 -100 
0 0 1 -1 1 -1 0 1 -1 -100 -100 -100 -0.8 -100 0 -100 -100 0 
0 0 1 1 1 0 0 1 -1 -101 -100 -100 -100 -100 -100 -100 -100 0 
0 0 -1 1 1 -1 0 1 -1 -100 -100 0 -100 -100 5 -100 -100 0 
-1 0 -1 1 1 0 0 1 -1 0.8 -100 0 -100 -100 -100 -100 -100 0 
1 0 0 1 1 0 0 1 -1 -100 -100 -100 -100 -100 -100 -100 -100 2 
-1 -1 -1 1 1 -1 -1 0 0 -1 -1 0 -100 -100 0 0 -100 -100 
-1 -1 -1 -1 1 1 -1 0 0 -1 -2 0 0 -100 -100 0 -100 -100 
-1 -1 1 -1 -1 1 -1 0 0 -1 0 -100 0 0 -100 0 -100 -100 
-1 -1 -1 -1 1 0 -1 1 0 -1 0 0 0 -100 -100 0 -100 -100 
1 1 -1 -1 -1 0 -1 -1 0 -100 -100 1 0 0 -100 0 0 -100 
1 1 0 -1 -1 1 0 -1 0 -100 -100 -100 -1 0 -100 -100 0 -100 
0 1 0 1 0 0 1 -1 1 -100 -100 -100 -100 -100 -100 -100 1 -100 
0 1 -1 1 -1 -1 -1 -1 0 -100 -100 0.64 -100 0 0 0 0 -100 
0 1 1 1 -1 -1 0 -1 0 -100 -100 -100 -100 0.8 0 -100 0 -100 
0 1 1 1 1 -1 0 -1 0 -100 -100 -100 -100 -100 1 -100 0 -100 
-1 -1 -1 1 -1 0 -1 1 0 -1 0 0 -100 0 -100 0 -100 -100 
-1 1 -1 1 -1 0 -1 -1 0 -1 -100 0 -100 0 -100 0 0 -100 
-1 0 -1 1 0 -1 -1 -1 1 -1 -100 0 -100 -100 0 0 0 -100 
-1 0 -1 -1 0 -1 1 1 -1 -0.8 -100 0 0 -100 0 -100 -100 0 
1 0 -1 0 0 -1 1 1 -1 -100 -100 -1 -100 -100 0 -100 -100 0 
-1 1 -1 -1 -1 0 -1 1 0 -1 -100 0 0 0 -100 0 -100 -100 
-1 -1 1 1 -1 -1 -1 0 0 -1 0 -100 -100 0 0 0 -100 -100 
1 -1 1 -1 -1 0 -1 -1 0 -100 2 -100 0 0 -100 0 0 -100 
1 0 1 -1 -1 0 1 -1 0 -100 -100 -100 2 0 -100 -100 0 -100 
1 0 1 0 -1 -1 1 -1 0 -100 -100 -100 -100 2 0 -101 0 -100 
-1 -1 1 1 0 -1 -1 0 -1 -1 0 -100 -100 -100 0 0 -100 0 
-1 1 1 -1 -1 -1 0 0 -1 0 -100 -100 0 0 0 -101 -100 0 
-1 -1 1 -1 -1 1 0 0 -1 -1 0 -100 0 0 -100 -100 -100 0 
-1 1 -1 -1 -1 -1 -1 0 -1 3.328 -100 0 0 0 0 0 -100 0 
1 1 -1 -1 0 -1 -1 0 -1 -100 -100 2 0 -100 0 0 -100 0 
-1 -1 -1 -1 1 -1 1 0 0 1.6 0 0 0 -100 0 -101 -100 -100 
1 0 -1 -1 1 -1 1 0 0 -100 -100 1 0 -100 0 -100 -100 -100 
1 1 0 -1 1 0 -1 0 -1 -100 -100 -100 -1 -100 -100 0 -100 0 
1 1 0 -1 0 1 -1 0 -1 -100 -100 -100 -1 -100 -100 0 -100 0 
1 1 0 -1 -1 -1 1 0 0 -100 -100 -100 3 0 0 -100 -100 -100 
-1 1 0 -1 -1 1 -1 0 -1 0 -100 -100 0 0 -100 0 -100 0 
1 1 0 0 -1 -1 1 0 -1 -100 -100 -100 -100 -0.8 0 -100 -100 0 
1 1 0 0 -1 1 1 0 0 -100 -100 -100 -100 0 -100 -100 -100 -100 
1 1 0 0 0 1 1 -1 0 -100 -100 -100 -100 -100 -100 -100 0 -100 
1 1 -1 -1 0 0 -1 -1 -1 -100 -100 1 0 -100 -100 0 0 0 
1 1 0 -1 0 0 1 -1 -1 -100 -100 -100 3 -100 -100 -100 0 0 
0 1 1 -1 0 0 -1 1 -1 -100 -100 -100 -1 -100 -100 0 -100 0 
0 1 1 0 -1 0 -1 -1 1 -100 -100 -100 -100 0 -100 0 0 -101 
-1 1 0 1 -1 0 -1 -1 -1 -1 -100 -100 -100 0 -100 0 0 0 
-1 1 0 -1 -1 0 -1 1 -1 -1 -100 -100 0 0 -100 0 -100 0 
1 0 1 1 1 0 -1 0 0 -100 -100 -100 -100 -100 -100 4 -100 -100 
-1 -1 -1 -1 -1 0 -1 1 -1 0 0 0 -0.8 0 -100 0 -100 0 
-1 -1 0 1 -1 0 -1 1 -1 -1 0 -100 -100 0 -100 0 -100 0 
-1 -1 0 -1 1 0 -1 -1 1 1 0 -100 0 -100 -100 0 0 -100 
-1 -1 1 0 1 0 -1 -1 -1 1.6 0 -100 -100 -100 -100 0 0 0 
-1 -1 -1 0 1 -1 0 1 -1 1.6 0 0 -100 -100 0 -100 -100 0 
1 -1 0 0 1 -1 0 1 -1 -100 2 -100 -100 -100 0 -100 -100 0 
-1 0 0 1 1 -1 0 1 -1 1.6 -100 -100 -100 -100 0 -100 -100 0 
1 0 0 1 1 -1 0 1 0 -100 -100 -100 -100 -100 2 -100 -100 -100 
-1 -1 0 -1 1 -1 1 -1 0 0 0 -100 0 -100 3.84 -100 0 -100 
0 -1 0 -1 1 1 1 -1 0 -100 3.2 -100 0 -100 -100 -100 0 -100 
0 1 0 -1 1 1 1 0 0 -100 -100 -100 3 -100 -100 -100 -100 -100 
0 -1 -1 -1 1 -1 1 -1 0 -101 3.36 0 0 -100 0 -100 0 -100 
0 1 -1 -1 1 -1 1 0 0 -100 -100 1 0 -100 0 -100 -100 -100 
0 1 0 -1 1 -1 1 -1 0 -100 -100 -100 -0.2 -100 2.4 -100 0 -100 
-1 -1 -1 0 -1 -1 -1 1 -1 -0.8 0 0 -100 0 0 0 -100 0 
1 -1 -1 0 1 1 0 0 -1 -100 -1 0 -100 -100 -100 -100 -100 0 
1 1 0 0 1 -1 0 -1 -1 -100 -100 -100 -100 -100 0.8 -100 0 4 
1 1 0 0 1 1 0 0 -1 -101 -100 -100 -100 -100 -100 -100 -100 1 
1 1 -1 0 1 -1 0 0 -1 -100 -100 1 -100 -100 0 -100 -100 0 
-1 0 -1 -1 1 -1 -1 -1 -1 5.344 -100 0 0.64 -100 0 0.64 0 0 
1 0 0 -1 1 -1 -1 -1 -1 -100 -100 -100 6.4 -100 0 0 0 0 
-1 0 -1 -1 0 1 -1 -1 1 -1 -100 0 0 -100 -100 0 0 -100 
-1 0 -1 -1 -1 -1 -1 -1 1 0.64 -100 0 0 0 0 0 0 -100 
1 0 0 -1 -1 -1 -1 -1 1 -100 -100 -100 0.8 0 0 0 0 -100 
1 0 0 1 -1 -1 0 -1 1 -100 -100 -100 -100 1 0 -100 0 -100 
1 0 0 1 1 -1 0 -1 -1 -100 -100 -100 -100 -100 4 -100 0 0 
1 0 -1 1 1 -1 0 -1 0 -100 -100 -1 -100 -100 0 -100 0 -100 
1 0 -1 -1 1 1 -1 0 0 -100 -100 -1 0 -100 -100 0 -100 -100 
1 0 0 -1 1 -1 1 -1 0 -100 -100 -100 4 -100 0 -100 0 -100 
1 0 -1 0 1 -1 -1 -1 -1 -100 -100 1.44 -100 -100 0 0 0 0 
1 0 1 0 1 1 0 0 -1 -100 -100 -100 -100 -100 -100 -100 -100 2 
-1 -1 1 -1 -1 -1 -1 -1 -1 0 0 -343 0 0 0 0 0 0 
-1 -1 -1 -1 1 -1 -1 -1 -1 -1.152 -1.3312 -1.0496 -1.4336 -440 -1.536 -1.152 -1.2544 -1.2288 
0 0 1 1 1 -1 -1 -1 -1 -100 -100 -100 -100 -100 -0.8 0 0 0 
1 0 -1 -1 1 -1 -1 -1 -1 -100 -100 -0.64 -0.512 -100 -0.512 0 0 0 
1 0 0 1 1 -1 -1 -1 -1 -100 -100 -100 -100 -100 -0.8 0 0 0 
-1 -1 0 -1 1 1 -1 -1 -1 -0.8 -0.512 -100 0 -100 -100 0 0 0 
1 -1 -1 0 1 -1 -1 -1 -1 -100 -0.64 -0.512 -100 -100 -1.11022e-16 -0.64 0 0 
1 0 1 0 1 -1 -1 -1 -1 -100 -100 -100 -100 -100 -0.8 -0.64 0 0 
-1 -1 1 -1 1 0 -1 -1 -1 -0.64 -0.64 -100 -0.64 -100 -100 0 0 0 
0 1 1 -1 1 0 -1 -1 -1 -100 -100 -100 -0.8 -100 -100 0 0 0 
-1 -1 -1 -1 1 -1 0 1 -1 -0.8 -0.64 0 0 -100 0 -100 -100 0 
-1 -1 -1 -1 1 -1 1 0 -1 -0.288 -0.64 -0.64 0 -100 0 -100 -100 0 
0 -1 -1 -1 1 -1 1 0 -1 -100 -0.64 1 0 -100 0 -100 -100 0 
0 1 -1 -1 1 -1 1 0 -1 -100 -100 0.64 0 -100 0 -100 -100 0 
0 1 0 -1 1 -1 1 0 -1 -100 -100 -100 -0.8 -100 0 -100 -100 0 
0 1 0 1 1 -1 1 0 -1 -100 -100 -100 -100 -100 1.8 -100 -100 0 
-1 -1 -1 -1 -1 -1 -1 1 -1 0 0 0 0 0 0 0 -371 0 
-1 -1 -1 1 -1 -1 -1 -1 -1 0 0 0 -406 0 0 0 0 0 
1 -1 -1 -1 -1 -1 -1 -1 -1 -441 0 0 0 0 0 0 0 0 
-1 -1 -1 -1 -1 1 -1 -1 -1 0 0 0 0 0 -438 0 0 0 
-1 -1 -1 -1 -1 -1 -1 -1 1 0 0 0 0 0 0 0 0 -535 
-1 1 -1 -1 -1 -1 -1 -1 -1 0 -371 0 0 0 0 0 0 0 
-1 -1 -1 -1 -1 -1 1 -1 -1 0 0 0 0 0 0 -437 0 0 
0 1 -1 0 1 -1 1 -1 0 -100 -100 1 -100 -100 0 -100 0 -100 
-1 -1 0 -1 1 1 1 0 0 1.6 0 -100 0 -100 -100 -100 -100 -100 
1 0 0 -1 1 1 1 0 0 -100 -100 -100 2 -100 -100 -100 -100 -100 
-1 1 1 -1 1 0 -1 0 0 1 -100 -100 0 -100 -100 0 -100 -100 
1 0 1 0 1 -1 -1 -1 0 -100 -100 -100 -100 -100 0 0 0 -100 
1 0 -1 -1 1 0 -1 -1 -1 -100 -100 -0.16 0 -100 -100 0 0 0 
-1 -1 1 -1 1 0 -1 0 -1 1.44 0 -100 0 -100 -100 0 -100 0 
-1 -1 -1 -1 1 -1 1 -1 0 -0.384 -0.64 -0.512 0 -100 0 -100 0 -100 
0 1 -1 -1 1 -1 1 -1 0 -100 -100 -0.48 0 -100 0 -100 0 -100 
0 1 0 1 1 -1 1 -1 0 -100 -100 -100 -100 -100 1 -100 0 -100 
0 1 0 -1 1 1 1 -1 0 -100 -100 -100 -1.6 -100 -100 -100 -0.8 -100 
-1 0 -1 -1 1 -1 1 0 -1 0.8 -100 0 0 -100 0 -100 -100 0 
1 0 -1 -1 1 -1 1 0 -1 -100 -100 -0.8 0 -100 0 -100 -100 0 
1 0 0 -1 1 -1 1 0 -1 -100 -100 -100 2 -100 0 -100 -100 0 
-1 0 -1 -1 1 -1 1 -1 0 1.6 -100 0 0 -100 0 -100 0 -100 
1 0 -1 -1 1 -1 1 -1 0 -100 -100 -0.8 0 -100 0 -100 0 -100 
1 0 1 0 1 1 0 -1 -1 -100 -100 -100 -100 -100 -100 -100 -0.8 0 
1 -1 0 0 1 -1 -1 -1 -1 -100 0.64 -100 -100 -100 0 0 0 0 
1 1 0 0 1 -1 -1 -1 -1 -100 -100 -100 -100 -100 -0.64 0 0 0 
1 1 0 0 1 0 1 -1 -1 -100 -100 -100 -100 -100 -100 -100 -0.8 1 
-1 0 1 -1 1 0 -1 -1 -1 0.8 -100 -100 0 -100 -100 0 0 0 
1 0 1 -1 1 0 -1 -1 -1 -100 -100 -100 -0.8 -100 -100 -0.64 0 0 
1 0 0 -1 1 1 -1 -1 -1 -100 -100 -100 -0.64 -100 -100 0 0 0 
1 0 0 0 1 1 1 -1 -1 -100 -100 -100 -100 -100 -100 -100 -0.8 0 
-1 0 -1 1 1 -1 0 1 -1 -0.8 -100 0 -100 -100 0 -100 -100 0 
-1 -1 0 -1 1 -1 1 0 -1 0.8 0 -100 0 -100 0 -100 -100 0 
1 -1 0 -1 1 -1 1 0 -1 -100 -0.8 -100 0 -100 0 -100 -100 0 
-1 -1 0 -1 1 1 1 -1 0 -0.64 0 -100 0 -100 -100 -100 0 -100 
1 0 1 1 1 0 0 -1 -1 -100 -100 -100 -100 -100 -100 -100 -0.8 0 
1 -1 -1 0 1 0 -1 -1 -1 -100 -0.8 0.8 -100 -100 -100 0 0 0 
1 1 -1 0 1 0 -1 -1 -1 -100 -100 0.8 -100 -100 -100 0 0 0 
1 -1 1 0 1 0 -1 -1 -1 -100 -0.8 -100 -100 -100 -100 -0.8 0 0 
1 1 -1 0 1 -1 0 -1 -1 -100 -100 -0.8 -100 -100 0 -100 0 0 
1 -1 1 0 1 0 0 -1 -1 -100 1 -100 -100 -100 -100 -100 0 0 
1 -1 0 0 1 1 -1 -1 -1 -100 0 -100 -100 -100 -100 0 0 0 
1 0 0 0 1 1 1 -1 0 -100 -100 -100 -100 -100 -100 -100 0 -100 
0 1 -1 1 1 0 0 -1 -1 -100 -100 0 -100 -100 -100 -100 0 0 
0 0 -1 -1 -1 1 1 -1 -1 -100 -100 -0.8 0 0 -100 -100 0 0 
0 0 1 -1 0 1 1 -1 -1 -100 -100 -100 -1 -100 -100 -100 0 0 
-1 1 1 -1 1 0 0 -1 0 1 -100 -100 0 -100 -100 -100 0 -100 
-1 -1 -1 -1 1 -1 0 0 1 1 0 0 0 -100 0 -100 -100 -100 
1 -1 0 -1 1 -1 1 0 0 -100 -2 -100 3 -100 0 -100 -100 -100 
-1 -1 -1 0 1 -1 1 0 -1 0.8 0 0 -100 -100 0 -100 -100 0 
1 0 -1 0 1 -1 1 0 -1 -100 -100 1 -100 -100 0 -100 -100 0 
-1 -1 -1 -1 -1 0 -1 -1 1 -0.8 0 0 0 0 -100 0 0 -100 
1 -1 -1 -1 0 0 -1 -1 1 -100 -1 0 0 -100 -100 0 0 -100 
-1 1 0 0 1 1 0 -1 -1 -0.8 -100 -100 -100 -100 -100 -100 0 0 
1 -1 -1 0 1 -1 1 0 0 -100 0 0 -100 -100 0 -100 -100 -100 
1 1 0 0 1 -1 1 0 0 -100 -100 -100 -100 -100 0 -100 -100 -100 
0 -1 0 0 1 1 1 -1 -1 -100 0 -100 -100 -100 -100 -100 0 0 
1 0 -1 0 1 -1 1 -1 0 -100 -100 1 -100 -100 0 -100 0 -100 
1 -1 1 -1 1 0 -1 0 0 -100 1 -100 0 -100 -100 0 -100 -100 
-1 -1 -1 -1 1 -1 0 1 0 0 1 0 0 -100 0 -100 -100 -100 
1 1 -1 -1 0 -1 -1 -1 0 -100 -100 1 0 -100 0 0 0 -100 
0 0 1 1 1 -1 -1 -1 0 -100 -100 -100 -100 -100 1 0 0 -100 
0 -1 -1 1 1 -1 0 -1 -1 -100 -0.8 -0.8 -100 -100 2 -100 0 0 
0 1 -1 1 1 -1 0 0 -1 -100 -100 -1 -100 -100 0 -100 -100 0 
0 -1 1 1 1 -1 0 0 -1 -100 -1 -100 -100 -100 0 -100 -100 0 
0 0 -1 1 1 -1 0 -1 1 -100 -100 0 -100 -100 0 -100 0 -100 
0 0 1 1 1 0 0 -1 1 -100 -100 -100 -100 -100 -100 -100 0 -100 
1 -1 -1 1 -1 0 -1 0 -1 -100 -0.8 0 -100 0 -100 0 -100 0 
1 1 0 1 -1 0 -1 0 -1 -100 -100 -100 -100 -1 -100 0 -100 0 
1 0 1 -1 1 0 -1 0 -1 -100 -100 -100 0.8 -100 -100 0 -100 0 
-1 0 0 1 1 -1 -1 -1 -1 0.8 -100 -100 -100 -100 0 0 0 0 
-1 -1 -1 1 -1 -1 1 0 0 1 0 0 -100 0 0 -100 -100 -100 
-1 -1 0 -1 1 1 -1 0 -1 -0.8 0 -100 0 -100 -100 0 -100 0 
1 -1 0 -1 1 1 0 0 -1 -100 -1 -100 1 -100 -100 -100 -100 0 
-1 -1 0 -1 1 1 0 -1 -1 0.8 0 -100 0 -100 -100 -100 0 0 
-1 1 0 -1 0 -1 1 -1 -1 -0.8 -100 -100 0 -100 0 -100 0 0 
-1 -1 0 -1 1 -1 0 1 -1 0.64 0 -100 0 -100 0 -100 -100 0 
1 0 0 -1 1 -1 0 1 -1 -100 -100 -100 0.8 -100 0 -100 -100 0 
